228
56 34 85 60
15 63 45 88
34 14 93 24
86 25 102 61
56 66 78 89
7 37 48 47
3 0 13 36
55 0 93 9
47 48 55 78
31 25 53 36
14 7 31 18
79 62 94 74
79 76 95 87
7 48 24 58
3 59 14 74
0 75 10 90
96 67 101 93
94 8 102 24
14 20 20 36
68 10 93 13
0 45 6 58
32 56 45 62
34 5 47 11
25 48 35 55
103 38 105 66
103 67 105 93
64 25 71 33
14 0 23 6
72 29 85 33
107 22 108 56
34 12 67 13
64 90 79 93
22 27 27 36
24 1 33 6
56 62 70 65
40 48 46 55
94 0 100 7
55 28 63 33
15 59 27 62
48 5 54 11
49 41 55 47
47 81 55 85
84 88 92 92
18 92 38 93
28 19 30 32
39 89 52 91
95 62 102 66
103 16 106 25
106 72 107 91
0 0 2 12
0 30 2 42
3 37 6 44
13 75 14 90
103 8 106 15
54 25 63 27
106 33 106 61
0 91 13 92
21 20 24 26
48 1 54 4
79 25 85 28
103 26 106 32
46 64 46 88
71 61 75 65
25 19 27 26
101 2 104 7
108 72 108 93
0 20 2 26
25 56 31 58
32 89 38 91
11 81 12 90
16 90 25 91
36 51 39 55
80 88 83 92
26 89 31 91
31 19 33 24
55 91 63 92
32 10 33 17
34 1 41 2
34 3 41 4
39 92 54 92
103 33 105 37
108 4 108 18
1 13 2 19
49 37 55 38
49 39 55 40
61 10 67 11
72 25 78 26
102 81 102 93
11 75 12 80
28 33 30 36
28 59 31 61
47 86 50 88
50 79 55 80
53 86 55 89
55 10 60 11
76 62 78 65
83 93 94 93
105 2 106 7
106 63 108 66
14 19 24 19
15 89 25 89
107 8 107 18
1 67 2 71
72 27 76 28
76 61 85 61
93 88 94 92
102 69 102 78
37 48 39 50
95 67 95 75
46 56 46 63
54 29 54 36
56 61 63 61
0 13 0 19
39 93 45 93
46 93 52 93
57 90 63 90
57 93 63 93
64 61 70 61
79 75 85 75
0 59 2 60
0 72 1 74
1 27 2 29
21 27 21 32
32 7 33 9
42 4 47 4
47 79 49 80
95 88 95 93
106 69 107 71
107 57 107 62
108 57 108 62
8 93 12 93
86 75 90 75
101 0 105 0
108 67 108 71
1 43 2 44
1 61 1 64
13 93 16 93
21 33 21 36
37 0 40 0
51 87 52 88
53 90 54 91
53 93 56 93
77 27 78 28
91 75 94 75
106 92 107 93
0 27 0 29
0 93 2 93
3 93 5 93
26 0 28 0
28 62 30 62
32 0 34 0
45 1 47 1
45 2 47 2
51 0 53 0
55 34 55 36
80 93 82 93
107 1 107 3
107 5 107 7
107 19 107 21
108 19 108 21
0 43 0 44
0 65 0 66
0 67 0 68
1 65 1 66
2 62 2 63
2 73 2 74
6 93 7 93
14 92 15 92
16 92 17 92
24 0 25 0
29 0 30 0
32 18 33 18
36 48 36 49
41 0 42 0
42 2 42 3
43 0 43 1
43 2 43 3
47 0 48 0
49 0 50 0
51 86 52 86
55 90 56 90
79 88 79 89
101 1 102 1
102 67 102 68
102 79 102 80
103 1 104 1
106 0 106 1
106 67 106 68
107 67 107 68
108 0 108 1
108 2 108 3
0 61 0 61
0 62 0 62
0 63 0 63
0 64 0 64
0 69 0 69
0 70 0 70
0 71 0 71
2 61 2 61
2 64 2 64
2 65 2 65
2 66 2 66
2 72 2 72
14 91 14 91
15 90 15 90
15 91 15 91
17 93 17 93
31 0 31 0
31 62 31 62
35 0 35 0
36 0 36 0
36 50 36 50
42 1 42 1
44 0 44 0
44 1 44 1
44 2 44 2
44 3 44 3
45 0 45 0
45 3 45 3
46 0 46 0
46 3 46 3
47 3 47 3
54 0 54 0
54 28 54 28
105 1 105 1
106 62 106 62
107 0 107 0
107 4 107 4
