540
1
2792599493716575
3
930866497905525
5
558519898743315
9
310288832635175
15
186173299581105
19
146978920721925
23
121417369292025
25
111703979748663
41
68112182773575
45
62057766527035
57
48992973573975
69
40472456430675
75
37234659916221
95
29395784144385
115
24283473858405
123
22704060924525
171
16330991191325
205
13622436554715
207
13490818810225
225
12411553305407
285
9798594714795
345
8094491286135
361
7735732669575
369
7568020308175
437
6390387857475
475
5879156828877
529
5279016056175
575
4856694771681
615
4540812184905
779
3584851724925
855
3266198238265
943
2961399251025
1025
2724487310943
1035
2698163762045
1083
2578577556525
1311
2130129285825
1425
1959718942959
1587
1759672018725
1681
1661272750575
1725
1618898257227
1805
1547146533915
1845
1513604061635
2185
1278077571495
2337
1194950574975
2645
1055803211235
2829
987133083675
3075
908162436981
3249
859525852175
3895
716970344985
3933
710043095275
4275
653239647653
4715
592279850205
4761
586557339575
5043
553757583525
5175
539632752409
5415
515715511305
6555
426025857165
7011
398316858325
7935
351934403745
8303
336336203025
8405
332254550115
8487
329044361225
9025
309429306783
9225
302720812327
10051
277842950325
10925
255615514299
11685
238990114995
12167
229522437225
13225
211160642247
14145
197426616735
14801
188676406575
15129
184585861175
16245
171905170435
17917
155863118475
19475
143394068997
19665
142008619055
21689
128756489175
23575
118455970041
23805
117311467915
24909
112112067675
25215
110751516705
27075
103143102261
30153
92614316775
31939
87435407925
32775
85205171433
35055
79663371665
36501
76507479075
38663
72229250025
39675
70386880749
41515
67267240605
42025
66450910023
42435
65808872245
44403
62892135525
50255
55568590065
53751
51954372825
58425
47798022999
60835
45904487445
65067
42918829725
68921
40518847575
70725
39485323347
74005
37735281315
74727
37370689225
75645
36917172235
81225
34381034087
89585
31172623695
90459
30871438925
95817
29145135975
98325
28401723811
108445
25751297835
109503
25502493025
115989
24076416675
119025
23462293583
124545
22422413535
126075
22150303341
133209
20964045175
150765
18522863355
159695
17487081585
161253
17318124275
175275
15932674333
182505
15301495815
190969
14623313175
193315
14445850005
195201
14306276575
206763
13506282525
207575
13453448121
212175
13161774449
222015
12578427105
231173
12080128275
251275
11113718013
268755
10390874565
287451
9715045325
304175
9180897489
325335
8583765945
340423
8203322025
344605
8103769515
347967
8025472225
370025
7547056263
373635
7474137845
378225
7383434447
412091
6776657325
447925
6234524739
452295
6174287785
479085
5829027195
498847
5598108225
542225
5150259567
547515
5100498605
572907
4874437725
579945
4815283335
606841
4601863575
620289
4502094175
622725
4484482707
666045
4192809035
693519
4026709425
734597
3801539475
753825
3704572671
798475
3497416317
806265
3463624855
889249
3140402175
912525
3060299163
954845
2924662635
966575
2889170001
976005
2861255315
1021269
2734440675
1033815
2701256505
1110075
2515685421
1155865
2416025655
1236273
2258885775
1309499
2132570925
1343775
2078174913
1437255
1943009065
1496541
1866036075
1585183
1761689025
1626675
1716753189
1702115
1640664405
1718721
1624812575
1723025
1620753903
1739835
1605094445
1820523
1533954525
1868175
1494827569
2060455
1355331465
2080557
1342236475
2203791
1267179825
2261475
1234857557
2395425
1165805439
2494235
1119621645
2667747
1046800725
2737575
1020099721
2825761
988264575
2864535
974887545
2899725
963056667
3034205
920372715
3063807
911480225
3101445
900418835
3330225
838561807
3467595
805341885
3672985
760307895
3708819
752961925
3928497
710856975
4031325
692724971
4392287
635796225
4446245
628080435
4489623
622012025
4755549
587229675
4774225
584932527
4880025
572251063
5106345
546888135
5169075
540251301
5461569
511318175
5779325
483205131
6181365
451777155
6547495
426514185
6611373
422393275
7186275
388601813
7482705
373207215
7829729
356666175
7925915
352337805
8003241
348933575
8477283
329421525
8510575
328132881
8593605
324962515
8699175
321018889
9102615
306790905
9478093
294637275
10302275
271066293
10402785
268447295
11018955
253435965
11785491
236952325
12471175
223924329
13176861
211932075
13338735
209360145
13957343
200081025
14128805
197652915
14266647
195743225
14322675
194977509
15171025
184074543
15319035
182296045
15507225
180083767
16895731
165284325
17337975
161068377
18364925
152061579
18544095
150592385
19642485
142171395
20452727
136539225
21961435
127159245
22231225
125616087
22448115
124402405
23489187
118888725
23777745
117445935
24880481
112240575
25431849
109807175
25531725
109377627
27307845
102263635
28434279
98212425
30118477
92720475
30906825
90355431
32737475
85302837
33056865
84478655
36459209
76595175
37413525
74641443
39148645
71333235
39530583
70644025
39629575
70467561
40016205
69786715
41872029
66693675
42386415
65884305
42968025
64992503
45513075
61358181
47390465
58927455
50687193
55094775
52013925
53689459
